DEBUG query: context=[85, 115, 101, 114, 58, 32, 72, 101, 108, 108, 111, 10, 65, 115, 115, 105, 115, 116, 97, 110, 116, 58, 32], order=4, prefix=[110, 116, 58], key=NgramKey(9472779250071653326)
DEBUG table keys: []
DEBUG query: context=[85, 115, 101, 114, 58, 32, 72, 101, 108, 108, 111, 10, 65, 115, 115, 105, 115, 116, 97, 110, 116, 58, 32], order=3, prefix=[116, 58], key=NgramKey(16887449773599476123)
DEBUG table keys: []
DEBUG query: context=[85, 115, 101, 114, 58, 32, 72, 101, 108, 108, 111, 10, 65, 115, 115, 105, 115, 116, 97, 110, 116, 58, 32], order=2, prefix=[58], key=NgramKey(589703303448258402)
DEBUG table keys: []
DEBUG query: context=[85, 115, 101, 114, 58, 32, 72, 101, 108, 108, 111, 10, 65, 115, 115, 105, 115, 116, 97, 110, 116, 58, 32], order=1, prefix=[], key=NgramKey(12638153115695167455)
DEBUG table keys: []
DEBUG query: context=[85, 115, 101, 114, 58, 32, 72, 101, 108, 108, 111, 10, 65, 115, 115, 105, 115, 116, 97, 110, 116, 58, 32, 1], order=4, prefix=[116, 58, 32], key=NgramKey(14197354324537028552)
DEBUG table keys: []
DEBUG query: context=[85, 115, 101, 114, 58, 32, 72, 101, 108, 108, 111, 10, 65, 115, 115, 105, 115, 116, 97, 110, 116, 58, 32, 1], order=3, prefix=[58, 32], key=NgramKey(16962038443419294391)
DEBUG table keys: []
DEBUG query: context=[85, 115, 101, 114, 58, 32, 72, 101, 108, 108, 111, 10, 65, 115, 115, 105, 115, 116, 97, 110, 116, 58, 32, 1], order=2, prefix=[32], key=NgramKey(589692308331976292)
DEBUG table keys: []
DEBUG query: context=[85, 115, 101, 114, 58, 32, 72, 101, 108, 108, 111, 10, 65, 115, 115, 105, 115, 116, 97, 110, 116, 58, 32, 1], order=1, prefix=[], key=NgramKey(12638153115695167455)
DEBUG table keys: []
DEBUG query: context=[85, 115, 101, 114, 58, 32, 72, 101, 108, 108, 111, 10, 65, 115, 115, 105, 115, 116, 97, 110, 116, 58, 32, 1, 1], order=4, prefix=[58, 32, 1], key=NgramKey(12340977369993400267)
DEBUG table keys: []
DEBUG query: context=[85, 115, 101, 114, 58, 32, 72, 101, 108, 108, 111, 10, 65, 115, 115, 105, 115, 116, 97, 110, 116, 58, 32, 1, 1], order=3, prefix=[32, 1], key=NgramKey(16937131206510350458)
DEBUG table keys: []
DEBUG query: context=[85, 115, 101, 114, 58, 32, 72, 101, 108, 108, 111, 10, 65, 115, 115, 105, 115, 116, 97, 110, 116, 58, 32, 1, 1], order=2, prefix=[1], key=NgramKey(589728592215707255)
DEBUG table keys: []
DEBUG query: context=[85, 115, 101, 114, 58, 32, 72, 101, 108, 108, 111, 10, 65, 115, 115, 105, 115, 116, 97, 110, 116, 58, 32, 1, 1], order=1, prefix=[], key=NgramKey(12638153115695167455)
DEBUG table keys: []
DEBUG query: context=[85, 115, 101, 114, 58, 32, 72, 101, 108, 108, 111, 10, 65, 115, 115, 105, 115, 116, 97, 110, 116, 58, 32, 1, 1, 1], order=4, prefix=[32, 1, 1], key=NgramKey(167450709900822364)
DEBUG table keys: []
DEBUG query: context=[85, 115, 101, 114, 58, 32, 72, 101, 108, 108, 111, 10, 65, 115, 115, 105, 115, 116, 97, 110, 116, 58, 32, 1, 1, 1], order=3, prefix=[1, 1], key=NgramKey(16905566426693913495)
DEBUG table keys: []
DEBUG query: context=[85, 115, 101, 114, 58, 32, 72, 101, 108, 108, 111, 10, 65, 115, 115, 105, 115, 116, 97, 110, 116, 58, 32, 1, 1, 1], order=2, prefix=[1], key=NgramKey(589728592215707255)
DEBUG table keys: []
DEBUG query: context=[85, 115, 101, 114, 58, 32, 72, 101, 108, 108, 111, 10, 65, 115, 115, 105, 115, 116, 97, 110, 116, 58, 32, 1, 1, 1], order=1, prefix=[], key=NgramKey(12638153115695167455)
DEBUG table keys: []
DEBUG query: context=[85, 115, 101, 114, 58, 32, 72, 101, 108, 108, 111, 10, 65, 115, 115, 105, 115, 116, 97, 110, 116, 58, 32, 1, 1, 1, 1], order=4, prefix=[1, 1, 1], key=NgramKey(17709904741328809403)
DEBUG table keys: []
DEBUG query: context=[85, 115, 101, 114, 58, 32, 72, 101, 108, 108, 111, 10, 65, 115, 115, 105, 115, 116, 97, 110, 116, 58, 32, 1, 1, 1, 1], order=3, prefix=[1, 1], key=NgramKey(16905566426693913495)
DEBUG table keys: []
DEBUG query: context=[85, 115, 101, 114, 58, 32, 72, 101, 108, 108, 111, 10, 65, 115, 115, 105, 115, 116, 97, 110, 116, 58, 32, 1, 1, 1, 1], order=2, prefix=[1], key=NgramKey(589728592215707255)
DEBUG table keys: []
DEBUG query: context=[85, 115, 101, 114, 58, 32, 72, 101, 108, 108, 111, 10, 65, 115, 115, 105, 115, 116, 97, 110, 116, 58, 32, 1, 1, 1, 1], order=1, prefix=[], key=NgramKey(12638153115695167455)
DEBUG table keys: []
DEBUG query: context=[85, 115, 101, 114, 58, 32, 72, 101, 108, 108, 111, 10, 65, 115, 115, 105, 115, 116, 97, 110, 116, 58, 32, 1, 1, 1, 1, 1], order=4, prefix=[1, 1, 1], key=NgramKey(17709904741328809403)
DEBUG table keys: []
DEBUG query: context=[85, 115, 101, 114, 58, 32, 72, 101, 108, 108, 111, 10, 65, 115, 115, 105, 115, 116, 97, 110, 116, 58, 32, 1, 1, 1, 1, 1], order=3, prefix=[1, 1], key=NgramKey(16905566426693913495)
DEBUG table keys: []
DEBUG query: context=[85, 115, 101, 114, 58, 32, 72, 101, 108, 108, 111, 10, 65, 115, 115, 105, 115, 116, 97, 110, 116, 58, 32, 1, 1, 1, 1, 1], order=2, prefix=[1], key=NgramKey(589728592215707255)
DEBUG table keys: []
DEBUG query: context=[85, 115, 101, 114, 58, 32, 72, 101, 108, 108, 111, 10, 65, 115, 115, 105, 115, 116, 97, 110, 116, 58, 32, 1, 1, 1, 1, 1], order=1, prefix=[], key=NgramKey(12638153115695167455)
DEBUG table keys: []
DEBUG query: context=[85, 115, 101, 114, 58, 32, 72, 101, 108, 108, 111, 10, 65, 115, 115, 105, 115, 116, 97, 110, 116, 58, 32, 1, 1, 1, 1, 1, 1], order=4, prefix=[1, 1, 1], key=NgramKey(17709904741328809403)
DEBUG table keys: []
DEBUG query: context=[85, 115, 101, 114, 58, 32, 72, 101, 108, 108, 111, 10, 65, 115, 115, 105, 115, 116, 97, 110, 116, 58, 32, 1, 1, 1, 1, 1, 1], order=3, prefix=[1, 1], key=NgramKey(16905566426693913495)
DEBUG table keys: []
DEBUG query: context=[85, 115, 101, 114, 58, 32, 72, 101, 108, 108, 111, 10, 65, 115, 115, 105, 115, 116, 97, 110, 116, 58, 32, 1, 1, 1, 1, 1, 1], order=2, prefix=[1], key=NgramKey(589728592215707255)
DEBUG table keys: []
DEBUG query: context=[85, 115, 101, 114, 58, 32, 72, 101, 108, 108, 111, 10, 65, 115, 115, 105, 115, 116, 97, 110, 116, 58, 32, 1, 1, 1, 1, 1, 1], order=1, prefix=[], key=NgramKey(12638153115695167455)
DEBUG table keys: []
DEBUG query: context=[85, 115, 101, 114, 58, 32, 72, 101, 108, 108, 111, 10, 65, 115, 115, 105, 115, 116, 97, 110, 116, 58, 32, 1, 1, 1, 1, 1, 1, 1], order=4, prefix=[1, 1, 1], key=NgramKey(17709904741328809403)
DEBUG table keys: []
DEBUG query: context=[85, 115, 101, 114, 58, 32, 72, 101, 108, 108, 111, 10, 65, 115, 115, 105, 115, 116, 97, 110, 116, 58, 32, 1, 1, 1, 1, 1, 1, 1], order=3, prefix=[1, 1], key=NgramKey(16905566426693913495)
DEBUG table keys: []
DEBUG query: context=[85, 115, 101, 114, 58, 32, 72, 101, 108, 108, 111, 10, 65, 115, 115, 105, 115, 116, 97, 110, 116, 58, 32, 1, 1, 1, 1, 1, 1, 1], order=2, prefix=[1], key=NgramKey(589728592215707255)
DEBUG table keys: []
DEBUG query: context=[85, 115, 101, 114, 58, 32, 72, 101, 108, 108, 111, 10, 65, 115, 115, 105, 115, 116, 97, 110, 116, 58, 32, 1, 1, 1, 1, 1, 1, 1], order=1, prefix=[], key=NgramKey(12638153115695167455)
DEBUG table keys: []
DEBUG query: context=[85, 115, 101, 114, 58, 32, 72, 101, 108, 108, 111, 10, 65, 115, 115, 105, 115, 116, 97, 110, 116, 58, 32, 1, 1, 1, 1, 1, 1, 1, 1], order=4, prefix=[1, 1, 1], key=NgramKey(17709904741328809403)
DEBUG table keys: []
DEBUG query: context=[85, 115, 101, 114, 58, 32, 72, 101, 108, 108, 111, 10, 65, 115, 115, 105, 115, 116, 97, 110, 116, 58, 32, 1, 1, 1, 1, 1, 1, 1, 1], order=3, prefix=[1, 1], key=NgramKey(16905566426693913495)
DEBUG table keys: []
DEBUG query: context=[85, 115, 101, 114, 58, 32, 72, 101, 108, 108, 111, 10, 65, 115, 115, 105, 115, 116, 97, 110, 116, 58, 32, 1, 1, 1, 1, 1, 1, 1, 1], order=2, prefix=[1], key=NgramKey(589728592215707255)
DEBUG table keys: []
DEBUG query: context=[85, 115, 101, 114, 58, 32, 72, 101, 108, 108, 111, 10, 65, 115, 115, 105, 115, 116, 97, 110, 116, 58, 32, 1, 1, 1, 1, 1, 1, 1, 1], order=1, prefix=[], key=NgramKey(12638153115695167455)
DEBUG table keys: []
DEBUG query: context=[85, 115, 101, 114, 58, 32, 72, 101, 108, 108, 111, 10, 65, 115, 115, 105, 115, 116, 97, 110, 116, 58, 32, 1, 1, 1, 1, 1, 1, 1, 1, 1], order=4, prefix=[1, 1, 1], key=NgramKey(17709904741328809403)
DEBUG table keys: []
DEBUG query: context=[85, 115, 101, 114, 58, 32, 72, 101, 108, 108, 111, 10, 65, 115, 115, 105, 115, 116, 97, 110, 116, 58, 32, 1, 1, 1, 1, 1, 1, 1, 1, 1], order=3, prefix=[1, 1], key=NgramKey(16905566426693913495)
DEBUG table keys: []
DEBUG query: context=[85, 115, 101, 114, 58, 32, 72, 101, 108, 108, 111, 10, 65, 115, 115, 105, 115, 116, 97, 110, 116, 58, 32, 1, 1, 1, 1, 1, 1, 1, 1, 1], order=2, prefix=[1], key=NgramKey(589728592215707255)
DEBUG table keys: []
DEBUG query: context=[85, 115, 101, 114, 58, 32, 72, 101, 108, 108, 111, 10, 65, 115, 115, 105, 115, 116, 97, 110, 116, 58, 32, 1, 1, 1, 1, 1, 1, 1, 1, 1], order=1, prefix=[], key=NgramKey(12638153115695167455)
DEBUG table keys: []
